xin_shinje = { 
	color = { 
		206 105 81 
	}
	provinces = { 
		2265 2266 2237 5144 2283 2289 2281 2293 2285 4036
		4042 2949 2294 4055 4056 5204 4049 4041 1134 4059
		5615 5134 5133 4109 4107 4105 4108 5132 1134 1145
		1146 1147 1801 1995 1996 2237 2265 2266 2281 2283
		2285 2289 2293 2294 2949 4036 4041 4042 4049 4055
		4056 4059 4105 4107 4108 4109 5131 5132 5133 5134
		5144 5204 5215 5615 5642 5961 5962 5963 5964 5965
		5966 5968 5971 5972 5973 5974 5975 5978 5979 5980
		5981 5982 5983 5984 5986 5987 5988 5989 5990 
	}
}
muland_trade = { 
	color = { 
		160 166 41 
	}
	provinces = { 
		4057 4099 5141 6036 6037 5613 4063 4098 4068 4058
		4069 4067 4100 4097 4101 4103 4090 4091 4104 5139
		4093 2280 4088 5143 4071 4072 4061 4102 4076 4073
		5614 4082 6087 4070 4066 4096 4089 4077 6105 2280
		4057 4058 4061 4063 4066 4067 4068 4069 4070 4071
		4072 4073 4076 4077 4082 4088 4089 4090 4091 4093
		4096 4097 4098 4099 4100 4101 4102 4103 4104 5139
		5141 5143 5613 5614 5969 5970 5976 5977 5985 5991
		5993 5994 5995 5996 5998 6000 6039 6040 6041 6042
		6043 6044 6045 6046 6047 6048 6050 6051 6053 6054
		6058 6063 6064 6065 6067 6071 6074 6076 6077 6078
		6080 6081 6082 6083 6084 6085 6086 6088 6089 6090
		6091 6092 
	}
}
agartha_conpany = { 
	color = { 
		139 28 54 
	}
	provinces = { 
		5992 5997 5999 6002 6003 6004 6005 6006 6007 6008
		6009 6010 6011 6012 6013 6014 6015 6016 6017 6018
		6019 6020 6021 6022 6023 6024 6025 6026 6027 6028
		6029 6030 6031 6032 6033 6034 6035 6055 6061 6072
		6073 6001 
	}
}
